77 6 9 1
80 6 21 1
87 3 7 1
98 1 11 1
65 4 16 0
43 3 4 1
42 2 25 0
42 1 17 0
3 2 26 0
33 1 15 0
63 5 20 1
68 2 19 0
12 6 19 0
48 4 19 0
89 1 26 1
46 2 5 1
5 5 27 0
48 1 2 0
85 1 8 1
13 4 6 0
27 4 8 0
49 1 2 0
76 5 2 0
19 1 25 0
43 5 23 0
75 3 17 1
35 1 7 0
21 2 26 0
34 1 1 0
67 2 15 1
63 1 10 0
61 1 26 1
69 3 4 0
57 5 3 0
67 5 21 0
53 5 13 1
57 4 23 0
17 6 26 0
74 3 3 1
97 4 30 1
99 5 7 1
11 3 14 0
54 3 13 1
26 1 14 0
92 6 7 1
38 6 16 0
68 3 10 0
30 2 16 0
20 2 14 0
78 4 6 0
53 6 17 1
4 4 14 0
51 5 5 0
27 1 12 0
30 2 1 0
16 6 25 0
26 1 19 0
33 1 5 0
51 6 26 0
3 1 18 0
5 3 9 0
29 3 27 0
46 4 23 0
87 5 15 0
71 4 20 0
50 2 23 1
65 5 28 1
50 1 29 1
73 6 20 0
97 6 30 0
62 6 21 1
10 5 10 0
40 3 29 0
17 2 25 0
76 6 11 1
86 2 14 1
35 2 7 0
93 2 25 0
84 3 23 1
96 6 21 1
97 4 8 0
99 4 13 0
88 4 3 0
16 1 19 0
2 6 12 0
74 3 2 1
82 6 5 0
93 1 6 0
6 2 30 0
25 4 17 0
37 5 17 0
17 1 29 0
7 4 12 0
87 3 18 0
56 6 14 0
18 1 31 0
81 5 3 1
63 1 19 0
37 1 7 0
79 6 9 1
