1102 73 4 29 1
1290 17 3 7 0
1290 5 1 11 0
1416 23 2 29 0
1127 28 6 12 0
1258 31 4 4 1
1131 55 4 28 0
1474 3 1 31 0
1680 99 1 7 1
1405 13 6 13 0
1232 18 1 11 0
1601 29 4 10 0
1762 15 5 19 0
1210 87 5 10 1
1911 46 6 22 0
1726 60 2 22 1
1341 80 2 15 1
1339 32 2 14 0
1638 63 4 16 1
1114 98 6 16 1
1432 37 3 15 0
1412 93 2 3 1
1453 60 3 4 0
1615 30 6 30 0
1752 39 2 11 1
1529 28 4 6 0
1296 53 4 1 0
1481 89 3 2 1
1807 60 3 24 1
1403 24 5 17 0
1677 11 6 23 0
1488 13 5 27 0
1980 63 4 4 0
1006 46 6 9 0
1285 63 2 29 0
1573 64 5 1 0
1490 99 5 7 1
1994 4 1 24 0
1150 32 6 12 0
1959 11 4 21 0
1161 47 4 7 0
1588 15 6 17 0
1365 50 5 1 1
1257 84 1 31 1
1746 25 1 14 0
1840 26 5 10 0
1306 46 1 30 1
1858 74 5 17 1
1359 54 4 13 1
1445 21 3 30 0
1260 38 6 6 1
1375 78 4 26 1
1287 87 4 20 1
1429 32 2 20 0
1244 36 4 28 0
1600 27 3 14 0
1791 76 2 25 1
1887 43 3 5 0
1438 57 6 23 0
1494 44 5 4 0
1813 90 5 29 1
1706 91 5 1 1
1003 17 2 23 0
1590 28 3 5 0
1663 8 4 1 0
1680 36 6 19 0
1643 21 6 24 0
1596 24 1 4 0
1961 74 1 9 1
1445 80 4 8 1
1726 1 1 21 0
1751 46 4 15 0
1796 39 3 17 1
1370 71 6 19 1
1610 15 5 20 0
1460 20 2 7 0
1650 37 6 16 0
1578 85 4 25 0
1695 65 6 11 0
1370 70 2 6 1
1111 31 3 28 0
1319 42 3 11 1
1615 37 1 29 0
1009 59 4 2 1
1770 3 4 11 0
1817 39 1 14 0
1962 81 4 14 1
1455 86 4 18 1
1610 59 3 10 1
1997 38 2 15 0
1638 22 6 25 0
1217 46 5 15 1
1900 74 3 20 1
1230 80 6 28 1
1668 91 3 14 1
1177 12 4 21 0
1561 47 1 8 0
1035 73 5 4 1
1799 10 5 24 0
1402 80 5 8 1
1854 2 3 5 0
1828 1 4 25 0
1806 55 2 31 1
1693 4 3 6 0
1140 82 6 20 0
1634 100 3 30 1
1146 46 1 11 0
1559 21 6 19 0
1022 44 5 11 0
1569 88 6 12 1
1002 61 1 17 0
1321 60 3 17 1
1849 27 3 24 0
1396 67 2 15 1
1834 52 5 10 1
1740 23 1 16 0
1782 44 6 27 1
1078 72 3 9 1
1794 37 4 7 0
1950 99 5 20 1
1252 45 5 24 0
1904 23 1 22 0
1667 66 1 14 1
1117 81 2 20 1
1825 30 4 22 0
1379 19 4 10 0
1846 17 1 2 0
1750 100 4 18 1
1488 72 3 25 1
1763 94 5 29 1
1238 25 5 14 0
1114 13 5 20 0
1501 56 1 12 1
1110 80 5 23 1
1036 57 6 2 0
1887 18 4 18 0
1205 52 1 18 0
1472 14 2 31 0
1417 45 6 16 0
1701 76 1 14 1
1689 83 4 4 1
1516 27 5 26 0
1759 5 3 12 0
1189 74 1 22 1
1425 33 5 1 0
1176 11 3 10 0
1585 87 3 26 1
1778 47 6 7 0
1127 41 1 25 0
1317 25 3 27 0
1242 3 1 23 0
1699 93 5 20 0
1961 59 4 29 1
1546 20 2 13 0
1130 23 3 17 0
1502 98 3 20 0
1592 81 5 23 0
1388 40 2 11 0
1811 59 4 1 1
1114 52 2 9 0
1895 27 3 20 0
1124 11 1 29 0
1643 61 3 22 1
1881 15 6 7 0
1612 20 1 28 0
1989 10 1 31 0
1227 57 6 20 0
1183 71 5 11 1
1891 30 6 9 0
1832 93 5 5 1
1964 89 1 4 1
1707 69 2 26 0
1433 92 2 3 0
1069 56 4 16 1
1290 20 3 5 0
1401 91 1 8 1
1868 71 3 12 1
1072 57 6 15 1
1873 30 4 28 0
1409 78 1 3 1
1976 9 6 4 0
1853 54 4 19 1
1125 91 2 27 1
1616 55 6 18 0
1069 4 4 31 0
1089 53 2 14 0
1278 85 1 25 0
1825 9 4 14 0
1573 82 5 1 1
1710 91 6 10 1
1793 43 2 8 0
1503 88 6 22 1
1675 51 3 28 0
1443 8 6 16 0
1627 74 4 20 0
1329 29 1 31 0
1765 96 5 6 1
1158 66 1 19 1
1847 98 4 19 1
1442 60 1 30 1
1187 61 1 26 1
1574 48 6 10 1
1927 62 2 3 1
1908 16 6 2 0
1760 27 2 28 0
1361 75 4 4 1
1023 56 3 23 1
1328 69 1 7 1
1669 28 1 31 0
1190 78 6 2 1
1958 21 1 28 0
1237 87 3 3 1
1438 74 6 30 1
1408 22 2 4 0
1015 97 2 13 1
1850 83 3 6 1
1917 86 2 13 1
1288 94 6 29 1
1652 46 5 20 1
1161 92 3 27 0
1532 91 5 21 0
1861 95 6 7 0
1155 42 6 4 0
1026 72 4 29 1
1439 6 3 26 0
1042 12 2 14 0
1305 17 6 29 0
1937 7 5 14 0
1630 29 6 24 0
1548 59 3 8 1
1251 3 4 20 0
1628 36 4 27 0
1792 45 1 29 0
1718 12 2 8 0
1213 56 3 6 1
1317 63 6 4 1
1403 95 5 7 1
1739 33 1 20 0
1178 59 2 11 1
1928 58 4 20 1
1945 37 4 14 0
1104 33 4 18 1
1699 100 4 20 1
1553 52 4 14 1
1293 1 1 25 0
1443 57 5 2 1
1659 86 1 15 1
1261 44 1 6 0
1628 83 4 26 0
1947 44 6 8 0
1000 83 3 11 1
1339 83 1 7 1
1448 54 1 26 1
1260 87 1 14 1
1260 52 1 7 1
1127 9 6 28 0
1895 82 6 20 0
1599 11 6 17 0
1618 3 3 23 0
1570 16 1 20 0
1961 67 5 1 1
1252 49 5 22 0
1525 32 4 9 1
1905 12 3 6 0
1398 90 4 1 0
1565 84 4 30 1
1915 20 6 12 0
1225 72 5 8 0
1694 69 6 16 1
1945 91 1 3 0
1512 91 5 16 1
1131 38 1 11 1
1234 17 3 24 0
1664 93 2 22 1
1725 53 1 19 1
1793 82 5 9 1
1945 66 2 9 0
1433 88 2 13 1
1167 62 4 14 0
1181 70 6 10 1
1879 88 2 31 1
1342 10 3 4 0
1301 15 4 23 0
1594 47 2 7 0
1134 56 6 12 0
1608 62 6 3 1
1746 50 1 21 0
1306 32 2 25 0
1183 96 2 21 1
1229 43 3 27 0
1569 66 1 15 0
1891 82 6 22 1
1730 63 2 3 1
1618 53 2 26 0
1232 8 6 28 0
1981 95 4 3 1
1209 29 6 13 0
1006 16 6 8 0
1348 51 5 15 1
1076 2 2 3 0
1996 54 4 24 1
1124 52 3 31 0
1379 96 3 24 1
1998 74 6 8 1
1358 38 6 5 0
1340 97 3 13 1
1247 15 4 17 0
1114 73 2 18 1
1246 1 6 10 0
1279 33 5 26 0
1254 4 2 4 0
1558 9 3 22 0
1984 25 4 12 0
1045 42 4 21 0
1847 13 4 6 0
1875 6 3 11 0
1242 65 1 22 1
1181 93 6 8 1
1528 29 5 26 0
1270 82 4 19 1
1051 29 3 20 0
1880 64 3 4 0
1379 19 4 20 0
1445 81 1 21 0
1631 38 1 21 0
1369 96 3 4 1
1608 55 3 7 0
1044 10 1 31 0
1006 99 5 28 1
1653 45 1 10 0
1508 67 3 4 1
1659 77 6 19 1
1555 21 4 12 0
1179 31 2 15 1
1392 52 1 24 1
1326 70 3 18 1
1673 81 2 15 1
1007 13 3 5 0
1717 96 4 6 1
1575 79 6 3 1
1775 97 6 11 1
1017 8 1 26 0
1364 73 1 10 1
1492 64 5 13 0
1333 54 4 3 0
1293 99 5 22 1
1667 37 1 26 1
1377 35 2 5 1
1288 2 5 7 0
1846 43 4 26 1
1922 7 3 17 0
1937 26 2 20 0
1656 97 5 22 1
1572 19 4 12 0
1908 25 5 4 0
1102 80 3 22 1
1354 78 1 22 1
1774 37 4 21 0
1425 30 4 29 0
1114 84 2 12 1
1448 9 5 31 0
1622 17 6 2 0
1673 52 4 10 0
1033 16 4 9 0
1877 35 4 11 0
1536 65 2 29 0
1915 14 3 28 0
1901 65 5 30 0
1269 52 1 31 0
1261 38 2 2 0
1653 24 3 28 0
1221 0 5 30 0
1994 15 3 6 0
1602 1 2 13 0
1909 98 1 5 1
1042 13 4 22 0
1193 0 2 20 0
1696 80 1 30 1
1340 84 5 12 0
1024 95 6 22 1
1196 39 3 15 0
1536 66 4 25 0
1556 46 6 1 0
1509 6 2 25 0
1961 45 2 2 1
1293 99 5 30 1
1583 41 4 15 0
1177 20 5 2 0
1360 96 2 24 1
1149 99 5 5 1
1295 5 1 19 0
1410 62 3 13 1
1683 18 5 19 0
1149 60 3 30 0
1076 92 5 6 1
1778 16 1 14 0
1759 87 5 8 1
1664 11 5 23 0
1689 61 5 16 0
1864 0 3 10 0
1632 93 6 27 1
1427 14 3 17 0
1296 94 3 28 1
1527 67 2 13 0
1905 49 1 29 0
1759 82 2 22 1
1213 10 1 17 0
1190 11 6 20 0
1105 39 2 21 0
1092 55 2 3 1
1287 97 4 16 1
1885 20 5 14 0
1913 57 6 6 0
1831 72 4 22 1
1634 44 1 24 0
1872 79 2 12 1
1819 19 4 3 0
1631 56 5 29 0
1952 56 6 1 0
1123 10 6 8 0
1661 80 6 12 0
1042 74 3 29 1
1238 16 1 2 0
1714 72 6 15 1
1844 28 2 1 0
1958 55 2 13 0
1556 65 6 3 0
1275 100 1 17 1
1900 33 6 21 0
1070 1 1 24 0
1292 72 4 19 1
1123 28 3 30 0
1293 43 5 6 0
1899 67 3 26 1
1693 54 5 1 1
1801 67 5 24 0
1296 66 3 31 0
1436 5 4 11 0
1448 72 3 24 1
1715 93 3 26 0
1536 93 3 25 1
1196 53 1 4 1
1040 87 5 28 1
1771 92 6 6 1
1012 94 2 26 1
1958 57 2 5 1
1935 12 5 1 0
1948 57 6 1 0
1537 37 1 26 0
1175 83 2 12 1
1684 69 5 22 0
1983 66 5 12 0
1741 67 1 14 1
1400 36 2 27 0
1450 77 2 13 1
1220 63 3 26 0
1678 76 2 20 1
1238 79 6 26 1
1379 7 5 14 0
1192 5 6 31 0
1234 66 5 12 0
1335 43 5 28 0
1850 16 1 22 0
1633 85 3 24 1
1536 30 5 26 0
1427 59 1 13 1
1302 36 5 6 1
1600 100 3 2 1
1381 28 5 6 0
1789 52 4 2 1
1754 19 3 12 0
1228 94 1 25 1
1162 23 3 6 0
1932 44 5 26 0
1450 48 1 15 1
1534 90 2 2 1
1433 63 4 20 1
1018 85 4 6 0
1097 13 1 7 0
1079 44 2 19 0
1942 82 4 21 0
1888 79 2 19 1
1359 89 3 16 1
1818 28 4 15 0
1955 37 4 30 0
1491 25 2 28 0
1687 12 1 9 0
1742 53 2 26 1
1293 98 3 7 1
1495 24 2 24 0
1925 58 3 9 0
1931 96 1 27 1
1011 18 5 1 0
1815 78 4 21 1
1813 95 5 27 0
1808 83 1 3 1
1454 91 1 8 1
1022 92 3 4 1
1727 94 5 17 0
1632 48 1 21 0
1306 37 1 17 0
1421 95 1 30 1
1111 90 5 23 1
1366 34 4 20 0
1371 48 2 17 0
1680 97 5 31 1
1178 17 4 14 0
1251 88 6 22 1
1139 18 1 15 0
1438 36 5 25 1
1291 25 3 21 0
1011 75 5 3 1
1825 7 3 23 0
1662 76 6 30 1
1540 12 1 11 0
1119 98 2 7 1
1548 65 3 10 0
1441 67 2 6 1
1329 16 5 9 0
1626 89 1 9 1
1630 6 5 5 0
1823 15 6 11 0
1447 81 4 1 1
1123 91 2 27 1
1252 39 6 13 0
1249 90 6 29 1
1283 93 5 25 0
1011 92 4 23 1
1642 35 1 13 0
1624 96 1 30 1
1397 2 2 31 0
1083 4 4 27 0
1348 41 3 21 0
1336 34 2 30 0
1451 94 5 31 1
1949 44 6 9 0
1856 93 3 19 1
1437 10 4 23 0
1523 32 6 10 0
1230 50 5 10 0
1104 91 5 5 1
1376 50 3 10 1
1761 31 3 4 1
1853 12 1 12 0
1867 39 6 16 0
1493 27 3 14 0
1400 18 3 29 0
1450 2 3 3 0
1316 58 1 28 0
1700 45 3 29 0
1580 24 3 22 0
1389 18 6 13 0
1227 45 5 26 0
1057 70 5 10 1
1604 98 4 29 1
1897 17 5 19 0
1009 72 3 23 1
1690 67 5 8 0
1222 63 5 12 1
1829 42 6 29 1
1176 87 5 11 1
1525 99 5 31 0
1075 27 6 24 0
1663 51 1 21 1
1343 14 3 16 0
1668 98 5 22 0
1058 37 3 7 0
1302 10 1 17 0
1835 21 5 2 0
1245 73 5 6 1
1018 24 1 14 0
1186 84 2 15 1
1258 47 4 9 1
1274 94 3 6 0
1647 1 4 31 0
1217 41 3 7 0
1074 6 2 31 0
1425 79 2 19 1
1214 79 5 27 1
1656 95 4 19 1
1183 57 3 20 0
1784 68 5 3 1
1700 86 4 12 0
1531 94 1 11 1
1354 95 3 7 0
1993 54 1 22 0
1857 97 3 8 1
1955 6 5 7 0
1526 0 6 28 0
1518 49 3 16 0
1396 48 3 30 0
1916 53 6 5 0
1244 35 6 17 0
1121 13 3 17 0
1606 26 1 12 0
1320 91 5 21 1
1503 26 6 2 0
1059 2 2 28 0
1913 83 3 1 0
1611 72 3 21 1
1203 37 6 23 0
1950 85 5 20 0
1178 51 1 31 0
1371 37 2 20 0
1366 39 1 31 0
1904 90 3 21 1
1369 40 3 15 1
1987 30 1 22 0
1169 7 4 31 0
1286 46 5 2 1
1115 16 1 21 0
1460 41 3 23 0
1609 87 4 26 1
1763 11 6 14 0
1150 78 6 5 1
1416 69 4 17 1
1503 81 6 18 1
1020 61 3 24 1
1098 64 6 29 0
1493 80 6 11 1
1214 93 1 15 0
1480 60 3 23 0
1607 96 4 5 1
1826 80 4 12 1
1467 18 2 27 0
1497 13 5 1 0
1786 1 6 3 0
1249 1 1 31 0
1695 49 6 23 0
1121 19 1 4 0
1730 34 1 7 0
1137 38 5 27 0
1873 78 3 5 0
1867 32 5 11 0
1016 36 5 7 0
1221 19 6 2 0
1328 20 6 9 0
1919 80 3 3 1
1004 77 1 20 1
1798 24 2 14 0
1005 16 4 7 0
1673 3 2 9 0
1770 47 1 8 0
1594 77 5 25 1
1133 63 4 8 1
1191 8 3 4 0
1044 84 3 6 1
1336 20 1 29 0
1300 43 4 13 0
1636 36 4 26 0
1082 39 5 2 0
1153 99 3 13 0
1454 21 3 8 0
1045 28 6 10 0
1309 47 5 27 0
1372 82 3 9 1
1152 64 4 10 0
1855 53 4 8 1
1594 21 5 14 0
1398 77 6 17 1
1236 86 6 5 1
1195 99 3 6 0
1298 94 3 29 1
1643 92 6 12 1
1835 59 4 10 1
1608 52 1 27 1
1655 0 5 6 0
1773 60 3 20 0
1995 21 6 12 0
1883 64 6 27 1
1754 71 1 17 1
1848 29 2 31 0
1536 41 1 11 0
1837 43 6 1 0
1264 71 2 12 1
1839 50 4 29 0
1232 62 6 13 0
1096 37 4 31 0
1003 60 6 21 0
1583 68 1 19 0
1959 63 1 13 0
1151 100 6 13 1
1045 72 4 18 0
1718 100 5 13 1
1170 45 2 26 1
1849 54 6 19 0
1512 56 1 7 1
1158 86 3 4 1
1495 15 6 26 0
1137 35 6 30 0
1778 13 6 23 0
1459 16 3 29 0
1146 79 3 5 1
1885 65 5 7 0
1581 98 1 17 1
1511 66 6 25 0
1108 48 5 29 0
1401 53 3 26 1
1060 4 3 24 0
1783 31 5 26 0
1013 8 2 19 0
1464 62 4 2 0
1584 21 5 6 0
1652 99 1 28 1
1696 97 3 24 0
1414 45 4 2 0
1200 7 1 31 0
1351 34 4 13 0
1126 72 2 28 1
1284 83 2 15 0
1959 19 2 5 0
1113 46 4 13 0
1859 25 6 25 0
1264 50 1 25 1
1640 70 4 20 1
1461 27 1 23 0
1454 32 4 31 0
1455 5 2 29 0
1422 15 3 16 0
1797 33 4 12 0
1237 61 4 7 1
1850 11 6 4 0
1447 70 5 29 1
1510 77 6 29 1
1621 65 5 1 1
1307 2 1 9 0
1160 47 3 20 1
1704 27 2 28 0
1216 83 5 22 0
1098 10 2 14 0
1106 94 4 5 1
1613 2 5 28 0
1336 56 6 3 1
1865 36 4 17 0
1482 87 2 21 1
1133 16 3 30 0
1408 68 5 26 1
1520 61 5 21 1
1711 88 2 12 1
1437 69 4 20 1
1491 2 6 5 0
1868 48 1 8 0
1933 70 4 10 1
1809 38 1 20 0
1541 77 4 14 0
1474 88 6 23 1
1479 74 5 23 1
1492 18 6 2 0
1021 80 4 15 1
1140 25 6 14 0
1666 10 3 6 0
1658 49 4 25 0
1077 10 2 7 0
1534 46 5 18 0
1197 55 5 18 1
1912 37 6 26 0
1433 43 1 19 0
1704 86 1 12 1
1917 93 1 12 1
1249 83 6 23 1
1756 16 4 10 0
1680 13 4 10 0
1694 78 2 26 1
1942 63 5 24 1
1257 89 1 26 1
1307 9 2 1 0
1588 19 3 16 0
1721 79 1 10 0
1629 11 3 5 0
1223 64 3 20 0
1096 87 3 12 1
1917 86 2 1 1
1122 22 3 7 0
1783 92 1 13 1
1783 82 5 29 1
1397 11 4 30 0
1479 4 1 13 0
1972 4 4 26 0
1869 98 5 31 0
1055 8 5 12 0
1436 4 3 2 0
1004 94 4 5 0
1952 9 6 1 0
1436 73 1 1 0
1619 6 1 16 0
1866 43 1 1 0
1655 59 6 21 1
1815 85 5 28 0
1377 65 3 9 0
1313 90 6 16 1
1545 63 4 23 0
1520 66 2 5 1
1122 77 6 19 1
1206 85 4 24 1
1979 46 6 15 1
1467 75 6 1 1
1923 5 2 6 0
1449 43 4 26 0
1714 97 2 10 1
1770 99 1 27 1
1586 55 6 13 0
1735 50 4 21 1
1256 78 6 28 1
1691 12 2 15 0
1096 77 2 20 1
1919 82 1 8 1
1098 71 1 10 0
1543 99 6 10 1
1215 89 6 31 1
1103 78 3 3 0
1751 91 4 5 0
1624 45 5 21 0
1800 71 5 4 1
1330 40 3 21 0
1267 55 3 27 0
1462 66 3 12 1
1892 11 4 27 0
1576 90 4 10 0
1674 18 4 3 0
1022 58 2 26 0
1298 56 3 7 1
1170 86 6 24 1
1745 80 5 26 0
1543 52 2 30 1
1857 25 3 20 0
1039 88 3 6 1
1942 88 6 26 1
1146 97 4 5 1
1364 83 6 24 1
1512 37 6 19 1
1209 75 6 16 0
1885 86 4 4 1
1747 94 3 1 1
1037 6 5 23 0
1403 0 1 30 0
1356 90 2 29 1
1697 40 1 31 0
1185 90 6 11 1
1115 2 5 20 0
1077 83 5 23 1
1913 5 3 25 0
1032 32 4 20 0
1360 36 3 20 0
1270 1 1 4 0
1442 50 2 25 0
1219 50 3 28 1
1265 94 2 25 1
1724 92 2 25 1
1690 9 3 7 0
1293 8 3 28 0
1065 84 4 19 1
1162 39 3 27 0
1976 9 2 22 0
1406 85 5 30 1
1847 37 4 9 0
1300 5 5 10 0
1626 53 5 27 0
1153 3 1 10 0
1243 82 6 18 1
1727 68 4 16 0
1838 43 2 30 0
1452 76 6 30 0
1731 12 2 28 0
1438 84 1 12 1
1988 61 2 15 0
1219 96 5 23 0
1732 41 1 15 0
1284 97 4 31 1
1545 40 3 29 0
1721 48 4 31 0
1956 56 4 4 0
1633 6 1 20 0
1679 74 5 9 1
1516 20 5 19 0
1021 67 1 2 0
1338 69 6 27 1
1273 83 1 11 0
1299 9 3 19 0
1485 28 6 3 0
1993 0 6 6 0
1795 42 2 10 0
1142 72 1 28 1
1505 25 6 14 0
1062 4 5 28 0
1535 33 5 30 0
1082 91 4 2 1
1897 52 6 1 1
1401 39 3 29 0
1827 82 5 31 0
1536 67 1 10 0
1357 53 6 28 0
1213 23 4 8 0
1862 54 5 22 1
1608 4 3 17 0
1261 3 4 11 0
1113 35 2 1 0
1082 23 3 17 0
1503 42 4 6 0
1911 68 3 10 1
1846 23 1 15 0
1156 30 1 3 0
1930 59 3 7 1
1667 39 2 10 0
1008 68 6 19 0
1911 80 2 25 1
1973 50 3 11 0
1497 23 1 5 0
1874 62 3 8 0
1055 14 4 7 0
1045 19 1 11 0
1003 89 4 6 1
1299 87 1 18 0
1178 56 5 16 0
1390 89 3 4 1
1221 8 6 31 0
1887 91 2 7 1
1602 72 2 27 0
1209 75 4 8 1
1025 68 5 22 1
1163 61 3 1 1
1047 69 4 14 1
1270 97 3 13 0
1296 34 4 24 0
1872 22 5 24 0
1560 46 2 22 1
1041 1 6 13 0
1668 50 1 9 0
1410 19 2 8 0
1088 82 1 30 1
1732 69 4 1 1
1121 40 4 6 0
1582 22 1 16 0
1741 56 2 22 0
1473 74 6 26 0
1210 25 1 16 0
1518 86 6 13 1
1100 49 5 17 0
1569 41 3 26 0
1065 20 1 8 0
1010 51 3 5 0
1762 25 5 12 0
1902 45 5 5 0
1031 49 6 31 0
1860 83 3 9 1
1508 26 4 25 0
1137 52 5 13 0
1442 84 5 10 1
1831 48 6 16 1
1103 86 2 29 1
1721 64 5 4 1
1301 100 4 13 1
1302 0 1 5 0
1514 47 4 28 0
1592 33 1 7 0
1257 1 1 24 0
1228 89 3 24 1
1519 30 3 9 1
1763 44 6 6 0
1674 19 2 16 0
1525 46 5 11 0
1530 38 1 28 0
1486 98 2 21 1
1134 77 6 21 1
1752 41 2 8 0
1033 1 5 24 0
1553 71 1 22 0
1967 18 2 7 0
1135 52 5 29 0
1130 65 3 5 1
1755 5 3 29 0
1016 99 1 26 1
1029 86 2 9 0
1971 33 1 7 0
1714 0 5 31 0
1589 2 1 15 0
1130 96 6 3 1
1404 82 4 21 1
1827 26 3 14 0
1555 47 3 24 0
1413 21 2 31 0
1208 28 2 25 0
1924 6 3 22 0
1447 91 6 24 0
1078 29 5 16 0
1224 44 6 23 0
1803 54 2 7 0
1964 3 2 27 0
1655 68 5 1 0
1793 77 5 14 1
1954 98 4 8 1
1813 69 5 1 1
1486 85 1 16 1
1900 56 3 27 1
1785 39 3 26 0
1425 29 6 23 0
1409 90 1 31 1
1420 79 1 2 1
1000 18 5 8 0
1380 60 5 22 1
1391 46 3 11 0
