10009  100 1 20 1 0 1
10025  60 6 11 2 0 0
10038  50 4 30 1 1 0
10042  90 5 10 1
10049  80 1 1 0
10113  60 2 1 0
10131  20 6 9 1
10160  10 2 15 0
10164  67 1 12 1 
10189  11 3 19 0
10215  80 1 22 1
10216  50 3 26 1
10235  20 2 16 0
10270  17 2 11 0 
10282  98 4 20 1
10303  62 3 11 1
10346  89 3 3  0
10380  28 6 23 0
10429  26 5 15 1
10441  76 6 5 1
10443  70 5 1 0
10463  90 1 8 0
10475  90 2 13 0
10489  100 4 15 0
10518  70 6 28 1
10529  88 1 17 1
10545  99 1 10 1
10546  81 3 10 1
10575  66 1 20 0
10579  99 2 19 0
10581  45 2 18 1
10600  77 4 22 1
10627  90 1 31 0
10653  80 6 27 1
10664  80 5 29 1
10691  20 1 31 0
10692  60 2 23 1
10711  35 6 22 1
10714  30 3 31 0
10714  22 6 27 0
10714  58 1 11 0
10714  86 4 29 1
10714  49 1 17 0
10714  62 2 22 0
10714  11 3 30 0
10714  83 5 2 1
10714  51 3 6 0
10714  47 4 18 0
10714  73 5 21 1
10714  63 1 1 1
10714  92 3 4 1
10714  33 2 9 0
10714  08 5 8 0
10714  83 2 24 1
10714  55 3 13 1
10714  19 6 2 0
10714  89 2 31 1
10714  03 4 20 0
10714  75 5 3 1
10714  76 1 26 1